"","chisq","df","p"
"ENSG00000176410.8",9.64072638644645,1,0.00190309961129129
"ENSG00000182504.11",1.77946820190102,1,0.182214641739653
"ENSG00000198862.14",4.09258946125223,1,0.043071606875805
"ENSG00000234602.9",0.0284192404314791,1,0.866126957009944
"ENSG00000167779.9",5.19967452073743,1,0.0225911178508787
"ENSG00000119457.8",0.0909440523515102,1,0.762980401847702
"ENSG00000080298.15",4.66655380292203,1,0.0307555825194517
"ENSG00000109321.11",6.4522256736587,1,0.0110813438855265
"ENSG00000157335.21",23.8236211580876,1,1.0557884794378e-06
"ENSG00000198108.4",4.34780278614258,1,0.0370567255895566
"ENSG00000030582.18",3.76102563444366,1,0.0524603905313898
"ENSG00000130024.15",1.23536128487063,1,0.266366923790935
"ENSG00000188042.8",0.176360952800639,1,0.674519414203629
"ENSG00000129038.16",0.0652317345790666,1,0.798410278308951
"ENSG00000258947.7",7.11446642529107,1,0.00764643592792036
"ENSG00000137054.16",0.623567702677079,1,0.429724586907556
"ENSG00000103066.13",13.5323364530701,1,0.000234487938782546
"ENSG00000135951.16",0.0711810105764242,1,0.789624928323688
"ENSG00000269533.5",6.40716772129527,1,0.0113660574010093
"ENSG00000170266.16",14.3889753104698,1,0.000148670182346381
"ENSG00000116747.13",0.573916297145025,1,0.448706867517457
"ENSG00000186891.14",0.463651695078351,1,0.495922275461162
"ENSG00000108702.4",1.13800900825816,1,0.286073427486537
"ENSG00000107984.10",4.73923038999289,1,0.0294822573107052
"ENSG00000164687.11",1.83916113960971,1,0.175049298640185
"ENSG00000187231.14",0.000615790807264413,1,0.980202420685217
"ENSG00000108518.8",1.41074642556531,1,0.234932521879807
"ENSG00000181467.5",0.596222196027346,1,0.440023070515056
"ENSG00000164509.15",2.19070769396957,1,0.138845508397318
"ENSG00000181830.9",0.000377196725810725,1,0.984504816742455
"ENSG00000214063.11",2.5763053248599,1,0.108474588022201
"ENSG00000116260.17",3.25195858014727,1,0.0713381667385314
"ENSG00000132465.12",1.2140996455192,1,0.270521714828604
"ENSG00000227507.3",2.54835599357474,1,0.11040908820322
"ENSG00000206172.8",22.7940481944125,1,1.8032328801008e-06
"ENSG00000213889.10",12.816513979853,1,0.000343573276206818
"ENSG00000178226.11",12.3436635960065,1,0.000442485794512092
"ENSG00000140839.11",5.42815965701547,1,0.0198145498101537
"ENSG00000136014.12",1.41870450218619,1,0.233616753375012
"ENSG00000198146.4",0.211314762229325,1,0.645738852874188
"ENSG00000135452.10",1.45492853729218,1,0.227738770468398
"ENSG00000165272.16",3.73472859950589,1,0.0532923237548457
"ENSG00000004809.14",9.17218658595807,1,0.00245720812280848
"ENSG00000131355.15",7.55858372475591,1,0.00597249097983379
"ENSG00000118412.13",4.9496293535652,1,0.0260962626661202
"ENSG00000154727.11",1.04130806622831,1,0.307517445363152
"ENSG00000068784.13",4.0882493150658,1,0.0431823476007501
"ENSG00000170522.10",0.498443318989718,1,0.480184914007708
"ENSG00000177951.17",3.53985324310446,1,0.0599107617976851
"ENSG00000094914.14",0.000728699419908444,1,0.978464174135178
"ENSG00000168273.8",4.76752965192925,1,0.0290014111218752
"ENSG00000080503.24",2.7064666715035,1,0.0999421307007811
"ENSG00000162976.13",1.06178403004007,1,0.30280864152568
"ENSG00000103274.11",4.0838224613851,1,0.043295609247966
"ENSG00000104918.8",0.148476381582774,1,0.699995655314216
"ENSG00000213020.10",2.13266593206184,1,0.144189786693668
"ENSG00000196586.16",2.9951682480018,1,0.0835132374601963
"ENSG00000120693.14",1.55170392713586,1,0.212884071285312
"ENSG00000241839.10",11.4969241185818,1,0.000697114557399178
"ENSG00000186792.17",17.8026993325996,1,2.45035366242787e-05
"ENSG00000213533.13",0.85831457373409,1,0.354210776300803
"ENSG00000142405.22",8.5411067295275,1,0.00347214453642879
"ENSG00000096088.16",0.00131589430759307,1,0.971062878596378
"ENSG00000130962.18",0.00134420577254252,1,0.970753382086532
"ENSG00000186187.12",0.21160161217794,1,0.645514962688359
"ENSG00000101596.16",5.17499502242206,1,0.0229142371856281
"ENSG00000076662.10",20.6682926647776,1,5.46129156220021e-06
"ENSG00000117620.15",5.90267529751526,1,0.0151179049021692
"ENSG00000116199.12",0.939345714866752,1,0.332446163865445
"ENSG00000112701.18",5.84233696190433,1,0.0156450336008381
"ENSG00000173542.9",2.21076775669847,1,0.137050449569821
"ENSG00000166670.10",7.94962751413319,1,0.00480972748553196
"ENSG00000114416.18",6.75619137218679,1,0.00934229491706948
"ENSG00000173535.15",1.40011039212734,1,0.236705088276087
"ENSG00000175426.11",4.43534591772949,1,0.0352020855888437
"ENSG00000172543.8",7.63638678932678,1,0.00572023882139477
"ENSG00000186074.19",4.98458609787964,1,0.0255741022542216
"ENSG00000128482.16",2.96151682496909,1,0.0852679161802656
"ENSG00000173258.13",0.691957872944928,1,0.405499232891184
"ENSG00000085382.12",0.840939102244446,1,0.359128325190534
"ENSG00000144455.14",17.3987537777044,1,3.03024589375595e-05
"ENSG00000122223.13",15.5269390188279,1,8.13378153775341e-05
"ENSG00000170178.7",0.0130239660483898,1,0.909140613244916
"ENSG00000118496.5",6.81401431621936,1,0.00904452127303394
"ENSG00000110375.3",0.256064595866932,1,0.612836813849679
"ENSG00000149452.16",3.84517770839299,1,0.049889234603756
"ENSG00000132849.21",2.88940793694557,1,0.0891636867403418
"ENSG00000131737.5",15.7211832216932,1,7.33975681623043e-05
"ENSG00000116288.13",0.00495658811243095,1,0.943872871282203
"ENSG00000118113.12",0.688028203309826,1,0.406835872666264
"ENSG00000106399.11",0.000218141606669933,1,0.988215978509691
"ENSG00000138100.14",23.9119128945321,1,1.00845778489186e-06
"ENSG00000100453.13",6.78755706668563,1,0.009179544246779
"ENSG00000112425.16",5.39489120439826,1,0.0201957844626977
"ENSG00000170430.10",0.0077427041710805,1,0.929882528244205
"ENSG00000104412.8",0.133516572877607,1,0.714813440867199
"ENSG00000153012.12",7.69673453475365,1,0.00553208200942199
"ENSG00000099985.4",5.92776782926059,1,0.0149041091591807
"ENSG00000130338.13",1.07612783582388,1,0.299565403334772
"ENSG00000123427.17",6.46464493579902,1,0.0110041626440758
"GLOBAL",4176.96189934097,100,0
