"","chisq","df","p"
"ENSG00000230358.4",1.11444974235344,1,0.291116714702619
"ENSG00000157335.21",5.68061241654764,1,0.0171533794207402
"ENSG00000176083.18",5.04192061515529,1,0.0247410450127298
"ENSG00000180488.15",0.360445434906166,1,0.548258956394479
"ENSG00000129038.16",7.20482784806285,1,0.00727077233054354
"ENSG00000197044.11",0.175940036529924,1,0.674885778665609
"ENSG00000206172.8",8.19711377167094,1,0.00419570824005621
"ENSG00000159261.12",5.36697414760083,1,0.0205215472212686
"ENSG00000064655.19",0.191373012193409,1,0.661776319858509
"ENSG00000152409.9",0.672709850083166,1,0.41210842238237
"ENSG00000187676.8",3.55595208613977,1,0.059332261320431
"ENSG00000146054.18",3.93262171747019,1,0.0473580597042483
"ENSG00000169436.17",5.12290414490153,1,0.0236120688251235
"ENSG00000114796.16",1.60215090128731,1,0.205598662837839
"GLOBAL",43.3189180088049,14,7.6167542939262e-05
