"","chisq","df","p"
"ENSG00000157335.21",5.8969594667774,1,0.015167045596087
"ENSG00000143401.15",2.87000452441963,1,0.0902446161406506
"ENSG00000140986.8",5.58443374527715,1,0.0181207907413951
"ENSG00000099875.15",0.555560024382634,1,0.456054728488226
"ENSG00000176083.18",3.57781933384278,1,0.058555971146729
"ENSG00000171631.15",0.406736596882607,1,0.523630544553117
"ENSG00000169436.17",3.04643258173872,1,0.0809146965377976
"ENSG00000113205.5",5.45313011643399,1,0.0195332985183308
"ENSG00000230358.4",0.863520074605927,1,0.352755495004531
"ENSG00000130024.15",0.877603432102166,1,0.348858921208535
"ENSG00000186187.12",3.48299855619445e-05,1,0.99529115724956
"ENSG00000116574.6",0.834543300877387,1,0.360962067574112
"ENSG00000129038.16",4.93486042719992,1,0.0263201881522384
"ENSG00000120075.5",10.8206505197108,1,0.00100374215752266
"ENSG00000103274.11",0.294100237952119,1,0.587604903178289
"ENSG00000138032.21",2.52816546808026,1,0.111830164561259
"ENSG00000180488.15",0.199635103605829,1,0.655015541205345
"ENSG00000177565.18",5.31666284199668,1,0.0211224260246559
"ENSG00000167011.9",0.266566713620822,1,0.605644203986824
"ENSG00000064655.19",0.0891366623397795,1,0.765277593001843
"ENSG00000135622.13",0.259857756880126,1,0.610217894549956
"ENSG00000283536.2",3.38437581003399,1,0.0658170957530144
"GLOBAL",48.9439266854537,22,0.000813029620442574
