"","chisq","df","p"
"ENSG00000131508.16",423.413163666752,1,4.41100853804522e-94
"ENSG00000143401.15",453.448269017427,1,1.28139528026051e-100
"ENSG00000234602.9",302.63537371842,1,8.78254579775452e-68
"ENSG00000130024.15",154.86073851443,1,1.50185073943395e-35
"ENSG00000167767.14",303.565909093283,1,5.50674425834516e-68
"ENSG00000099899.15",247.895581916681,1,7.46843167031776e-56
"ENSG00000061656.10",1892.77335365045,1,0
"ENSG00000204381.12",979.739481457018,1,4.55215830836388e-215
"ENSG00000159917.17",56.2496439030994,1,6.38293925588106e-14
"ENSG00000132434.9",0.0585684705789327,1,0.808773006202152
"ENSG00000132846.6",53.2972458030398,1,2.86708239633361e-13
"ENSG00000092621.13",13.8158617832707,1,0.000201626824778171
"ENSG00000198862.14",1.1823737116827,1,0.276873284342491
"ENSG00000168899.5",482.087978811383,1,7.5059588413034e-107
"ENSG00000188033.10",307.940476914763,1,6.13596231763521e-69
"ENSG00000119715.15",141.429780740338,1,1.29587969620307e-32
"ENSG00000160305.18",527.723434866616,1,8.83547512641497e-117
"ENSG00000170266.16",6.20148273946894,1,0.012764333858369
"ENSG00000149295.14",178.238180911714,1,1.17518744690832e-40
"ENSG00000136098.17",78.6327349181122,1,7.47996110581802e-19
"ENSG00000128040.11",1696.65082697333,1,0
"ENSG00000037241.7",401.73501186563,1,2.30805630289993e-89
"ENSG00000089248.7",106.506609945974,1,5.71017229503757e-25
"ENSG00000177951.17",5.66210088998207,1,0.0173353459922531
"ENSG00000258227.7",1154.87679263967,1,3.90829945007405e-253
"ENSG00000231852.9",87.5152632207523,1,8.36319209448172e-21
"ENSG00000158615.9",0.84063028830423,1,0.35921657026829
"ENSG00000151490.15",25.4883906848013,1,4.45052863779899e-07
"ENSG00000198315.11",145.474023599093,1,1.69172104317708e-33
"ENSG00000214063.11",28.8619244599591,1,7.7725903043094e-08
"ENSG00000176907.5",608.255121219355,1,2.6808018682356e-134
"ENSG00000162621.7",75.4215495481914,1,3.80217547750567e-18
"ENSG00000102921.8",771.554622172893,1,8.25540158545147e-170
"ENSG00000176635.18",219.151503455704,1,1.38504509383108e-49
"ENSG00000253276.4",77.1202460038996,1,1.60859853059309e-18
"ENSG00000104415.14",195.452024597855,1,2.05285286692117e-44
"ENSG00000137441.8",2902.82897324945,1,0
"ENSG00000168569.8",747.501349078064,1,1.4018432237215e-164
"ENSG00000178096.9",1378.73714598952,1,8.7683453946389e-302
"ENSG00000106459.15",598.671526798287,1,3.25651478014018e-132
"ENSG00000185658.14",255.147961033252,1,1.95966787731795e-57
"ENSG00000128683.14",100.606460523868,1,1.12201170633438e-23
"ENSG00000176571.12",2631.91631636944,1,0
"ENSG00000168661.15",192.484546742614,1,9.12065860034236e-44
"ENSG00000065923.10",372.146332127053,1,6.38079330780029e-83
"ENSG00000142149.9",52.0335075819287,1,5.45615771896643e-13
"ENSG00000133433.11",714.916913693792,1,1.70597079316579e-157
"ENSG00000182798.10",0.791581144760128,1,0.373622449895442
"ENSG00000228594.4",949.989199092059,1,1.3338016507325e-208
"ENSG00000135441.7",263.247154992615,1,3.36302770712441e-59
"ENSG00000149260.18",578.700344344256,1,7.19089303245076e-128
"ENSG00000120088.15",146.256569702725,1,1.14091032341473e-33
"ENSG00000197013.10",512.270453158165,1,2.03343923052643e-113
"GLOBAL",20680.9994529911,53,0
