"","chisq","df","p"
"ENSG00000054356.14",2.96269112581889,1,0.0852060181828691
"ENSG00000087111.21",0.587349408198939,1,0.443445920363456
"ENSG00000131759.18",0.150423368081816,1,0.698131100522208
"ENSG00000141378.15",0.0160333479016004,1,0.89923890532694
"ENSG00000151475.6",0.0462348348271432,1,0.829749487525128
"ENSG00000159110.20",1.6761695075681,1,0.195434213354471
"ENSG00000162706.13",2.51753224094862,1,0.112586650796804
"ENSG00000167011.9",0.0123600427327252,1,0.911476997704011
"ENSG00000169752.17",0.0679648821622237,1,0.794323285992905
"ENSG00000170448.12",1.19989927607329,1,0.273341810687712
"ENSG00000171862.11",1.54652823963933,1,0.213648699423954
"ENSG00000177565.18",6.08746697069535,1,0.0136144131959121
"ENSG00000185634.12",0.254017001419183,1,0.614260678853625
"ENSG00000185640.6",108.805603049237,1,1.79008751101379e-25
"ENSG00000213889.10",3.5660307239231,1,0.058973117987951
"ENSG00000249884.8",0.35488632478106,1,0.551360048237192
"GLOBAL",146.882862021621,16,3.21206947603195e-23
