"","chisq","df","p"
"ENSG00000004809.14",3.52245399353398,1,0.06054274347444
"ENSG00000011422.12",10.7366902675518,1,0.00105032020698973
"ENSG00000069667.16",0.682637598934253,1,0.408679953442808
"ENSG00000099875.15",0.00250103566759222,1,0.960114136070979
"ENSG00000129038.16",6.28669165893335,1,0.0121647910055764
"ENSG00000130024.15",0.867483380420647,1,0.351652958726595
"ENSG00000157335.21",4.69423138239159,1,0.0302640320519484
"ENSG00000159110.20",2.08025649233796,1,0.149215101063385
"ENSG00000163072.16",0.499945660153157,1,0.47952399961546
"ENSG00000167779.9",10.3525544887097,1,0.00129295638721686
"ENSG00000169436.17",3.90834652694536,1,0.0480468469539005
"ENSG00000186187.12",0.114231025543191,1,0.735377651780876
"ENSG00000198862.14",1.65399548740688,1,0.19841599514864
"ENSG00000213533.13",0.0708872271473651,1,0.790049332103586
"GLOBAL",24.8595029968295,14,0.0359800160402632
